9789100551735
9789137504568
9789188803719
9789177957539
9781471156267
9789164207814
9781471136726
9789137504490
9789100551735
9789137504568
9789188803719
9789177957539
9781471156267
9789164207814
9781471136726
9789137504490
9780241439463
9789178617173
9789189306332
9789189157460
9789164207425
9789100196592
9789170377068
9789188827814
9789179033088
9789189087682
9789179035877
9789188639929
9789188545497
9789180231633
9789164207715
9789178359097
9789177890621
9781784871925
9789189393448
9789177893554
9789180230926
9789177953340
9789179034481
9780375701290
9780375703768
9789178352562
9789177711223
9789180237987
9780241391723
9789188917805
9789177791416
9789177815310
9789189363076
9789189359314
9789180232340
9789188827821
9781101965481
9789180061285
9789137503653
9789137154534
9789189393677
9789137158310
9781408898659
9789164243492
9781473213708
